0.0567600000000000
0.288650000000000
0.222300000000000
0.0714300000000000
0.0495500000000000
0.145050000000000
0.140990000000000
0.0541900000000000
0.0189700000000000
0.0398600000000000
0.0622100000000000
0.0158300000000000
-0.0457200000000000
-0.0102000000000000
0.0565300000000000
0.0348600000000000
-0.00789000000000000
0.0244000000000000
0.0490800000000000
0.0381300000000000
0.0469600000000000
0.0482100000000000
0.0387800000000000
0.0181200000000000
0.00515000000000000
0.00927000000000000
0.0580900000000000
0.0443000000000000
0.0311000000000000
0.0162800000000000
-0.0295400000000000
-0.0498900000000000
-0.0502800000000000
-0.0611000000000000
-0.0713100000000000
-0.0768100000000000
-0.0444200000000000
-0.0456100000000000
-0.0353600000000000
-0.0190500000000000
-0.0401800000000000
-0.0508600000000000
-0.0380400000000000
-0.0396900000000000
-0.0150500000000000
0.0478000000000000
0.0526600000000000
0.0296000000000000
0.0358800000000000
-0.000590000000000000
-0.0271800000000000
-0.0111200000000000
0.000260000000000000
0.0187100000000000
0.0426200000000000
0.0680600000000000
0.0681400000000000
0.0627900000000000
0.0802700000000000
0.0823300000000000
0.0796800000000000
0.0552900000000000
0.0338800000000000
0.0597900000000000
0.0853400000000000
0.134170000000000
0.119560000000000
0.0876400000000000
0.0385700000000000
-0.00375000000000000
-0.0155100000000000
-0.0167100000000000
-0.0472700000000000
-0.0144500000000000
-0.00407000000000000
-0.0130000000000000
-0.000700000000000000
0.00401000000000000
0.0116200000000000
0.0126100000000000
0.0365100000000000
0.0407400000000000
0.0207400000000000
0.00281000000000000
-0.0141400000000000
-0.00926000000000000
-0.0298700000000000
-0.0396000000000000
-0.0299800000000000
-0.0418600000000000
-0.0529000000000000
-0.0268200000000000
0.0313400000000000
0.0218600000000000
0.0756400000000000
0.116470000000000
0.129130000000000
0.0779400000000000
0.0428500000000000
0.0392200000000000
0.0395000000000000
0.0407800000000000
0.0523500000000000
0.0504800000000000
0.0605100000000000
0.0789900000000000
0.100110000000000
0.119510000000000
0.176310000000000
0.217720000000000
0.253010000000000
0.340440000000000
0.335810000000000
0.328430000000000
0.357500000000000
0.335590000000000
0.351620000000000
0.407820000000000
0.414110000000000
0.386500000000000
0.379640000000000
0.344490000000000
0.287250000000000
0.273280000000000
0.250150000000000
0.244980000000000
0.234730000000000
0.240810000000000
0.266750000000000
0.265980000000000
0.252660000000000
0.268180000000000
0.237430000000000
0.208140000000000
0.231080000000000
0.236860000000000
0.219400000000000
0.213990000000000
0.228430000000000
0.253370000000000
0.294540000000000
0.343920000000000
0.336040000000000
0.353100000000000
0.376060000000000
0.381690000000000
0.397400000000000
0.406660000000000
0.376720000000000
0.344030000000000
0.310140000000000
0.282690000000000
0.270610000000000
0.220500000000000
0.169240000000000
0.158150000000000
0.112160000000000
0.123050000000000
0.102400000000000
0.101890000000000
0.128570000000000
0.103300000000000
0.101260000000000
0.0874100000000000
0.0784000000000000
0.0947200000000000
0.0758300000000000
0.0882400000000000
0.0853800000000000
0.0465600000000000
0.0238900000000000
0.0221800000000000
0.0292100000000000
0.0295600000000000
0.0422400000000000
0.0687900000000000
0.0677800000000000
0.0618200000000000
0.0832800000000000
0.108270000000000
0.121890000000000
0.152900000000000
0.186180000000000
0.227510000000000
0.241270000000000
0.258630000000000
0.270500000000000
0.260290000000000
0.275830000000000
0.266030000000000
0.217320000000000
0.199620000000000
0.179370000000000
0.189860000000000
0.190430000000000
0.176320000000000
0.170500000000000
0.125480000000000
0.130640000000000
0.138250000000000
0.128410000000000
0.117720000000000
0.0958000000000000
0.107940000000000
0.167040000000000
0.203400000000000
0.226830000000000
0.253050000000000
0.246090000000000
0.212560000000000
0.206940000000000
0.225370000000000
0.223970000000000
0.193800000000000
0.183760000000000
0.184750000000000
0.139590000000000
0.156900000000000
0.161270000000000
0.109160000000000
0.0702200000000000
0.0817100000000000
0.0993300000000000
0.178920000000000
0.228540000000000
0.222700000000000
0.238010000000000
0.233330000000000
0.204780000000000
0.212550000000000
0.250330000000000
0.241070000000000
0.268780000000000
0.248920000000000
0.208210000000000
0.147520000000000
0.133490000000000
0.112210000000000
0.129960000000000
0.102140000000000
0.0503200000000000
0.0350500000000000
0.0571100000000000
0.0521700000000000
0.0451900000000000
0.0893800000000000
0.123380000000000
0.120890000000000
0.153430000000000
0.175010000000000
0.153280000000000
0.133690000000000
0.112360000000000
0.0868200000000000
0.0521600000000000
0.121440000000000
0.131380000000000
0.124410000000000
0.127790000000000
0.118750000000000
0.133170000000000
0.166290000000000
0.188050000000000
0.177440000000000
0.184160000000000
0.221070000000000
0.202330000000000
0.207770000000000
0.221210000000000
0.229210000000000
0.267660000000000
0.294480000000000
0.290510000000000
0.250640000000000
0.230410000000000
0.201830000000000
0.158460000000000
0.103470000000000
0.0878200000000000
0.0811000000000000
0.0773300000000000
0.0676200000000000
0.0790500000000000
0.0899200000000000
0.0944000000000000
0.0706700000000000
0.0366300000000000
0.0325900000000000
0.00645000000000000
0.0239400000000000
-0.00531000000000000
-0.0575900000000000
-0.0769900000000000
-0.0913300000000000
-0.0821400000000000
-0.0692100000000000
-0.0714300000000000
-0.0706000000000000
-0.0455500000000000
-0.0419300000000000
-0.0439300000000000
-0.0268700000000000
0.0101200000000000
0.0180600000000000
0.0428700000000000
0.0339000000000000
0.0474500000000000
0.0229600000000000
0.0193100000000000
0.00203000000000000
-0.0427200000000000
-0.0633700000000000
-0.0608900000000000
-0.0624600000000000
-0.0689500000000000
-0.0694900000000000
-0.0921700000000000
-0.111430000000000
-0.0943200000000000
-0.0849200000000000
-0.0760100000000000
-0.0629200000000000
-0.0694100000000000
-0.0599300000000000
-0.0551500000000000
-0.0808800000000000
-0.107150000000000
-0.117620000000000
-0.109520000000000
-0.0842100000000000
-0.0581600000000000
-0.0434800000000000
-0.0418900000000000
-0.0864800000000000
-0.102900000000000
-0.0818500000000000
-0.0731300000000000
-0.0727300000000000
-0.0358300000000000
-0.0379700000000000
-0.0394800000000000
-0.0269100000000000
-0.0162700000000000
-0.0231000000000000
-0.0139300000000000
-0.0304500000000000
-0.0390300000000000
-0.0125300000000000
-0.0316300000000000
-0.0220600000000000
0.0102700000000000
0.0404000000000000
0.0543800000000000
0.0929600000000000
0.111740000000000
0.124730000000000
0.130950000000000
0.0815300000000000
0.0731700000000000
0.104890000000000
0.109600000000000
0.129520000000000
0.162910000000000
0.184330000000000
0.180930000000000
0.211650000000000
0.252070000000000
0.264980000000000
0.267190000000000
0.246440000000000
0.232270000000000
0.241340000000000
0.230830000000000
0.211730000000000
0.209290000000000
0.175030000000000
0.167360000000000
0.155780000000000
0.151970000000000
0.141940000000000
0.127360000000000
0.130200000000000
0.159870000000000
0.147750000000000
0.156850000000000
0.174940000000000
0.175630000000000
0.176790000000000
0.198820000000000
0.190240000000000
0.207300000000000
0.205470000000000
0.183790000000000
0.179680000000000
0.198510000000000
0.235320000000000
0.274370000000000
0.284190000000000
0.256550000000000
0.248810000000000
0.189520000000000
0.157830000000000
0.173200000000000
0.170490000000000
0.202320000000000
0.236140000000000
0.217420000000000
0.183730000000000
0.164570000000000
0.154950000000000
0.185300000000000
0.205390000000000
0.175780000000000
0.154180000000000
0.133330000000000
0.128730000000000
0.125390000000000
0.100200000000000
0.0613400000000000
0.0485200000000000
0.0590800000000000
0.0618900000000000
0.0599400000000000
0.0484600000000000
0.0355800000000000
0.0151400000000000
-0.0216700000000000
-0.0508600000000000
-0.102290000000000
-0.128390000000000
-0.133040000000000
-0.115100000000000
-0.132590000000000
-0.125310000000000
-0.147370000000000
-0.163930000000000
-0.145060000000000
-0.128670000000000
-0.0922600000000000
-0.0759000000000000
-0.0855300000000000
-0.0992900000000000
-0.0847700000000000
-0.0330600000000000
0.00872000000000000
0.0376700000000000
0.0555200000000000
0.0668300000000000
0.0696200000000000
0.130160000000000
0.137740000000000
0.144590000000000
0.145190000000000
0.154570000000000
0.166860000000000
0.168900000000000
0.143530000000000
0.138340000000000
0.154820000000000
0.178530000000000
0.166710000000000
0.164680000000000
0.146590000000000
0.141300000000000
0.145690000000000
0.147420000000000
0.129960000000000
0.112920000000000
0.103420000000000
0.105420000000000
0.0842900000000000
0.0747900000000000
0.0654500000000000
0.0786000000000000
0.0604700000000000
0.00916000000000000
-0.0185500000000000
-0.0285600000000000
-0.0432900000000000
-0.0239700000000000
-0.0278100000000000
-0.0845800000000000
-0.109900000000000
-0.102970000000000
-0.108890000000000
-0.119640000000000
-0.147350000000000
-0.211220000000000
-0.224490000000000
-0.209550000000000
-0.214360000000000
-0.211060000000000
-0.216340000000000
-0.246480000000000
-0.281460000000000
-0.304130000000000
-0.284700000000000
-0.319260000000000
-0.347960000000000
-0.341710000000000
-0.358400000000000
-0.366790000000000
-0.347540000000000
-0.318680000000000
-0.326530000000000
-0.342660000000000
-0.355940000000000
-0.355280000000000
-0.289370000000000
-0.252990000000000
-0.132670000000000
-0.104700000000000
-0.0845900000000000
-0.0522800000000000
-0.0548400000000000
-0.0248900000000000
-0.0203900000000000
-0.0367400000000000
-0.0573900000000000
-0.0954500000000000
-0.150180000000000
-0.175140000000000
-0.195610000000000
-0.210950000000000
-0.199830000000000
-0.195980000000000
-0.217220000000000
-0.257920000000000
-0.308210000000000
-0.335160000000000
-0.331000000000000
-0.329650000000000
-0.333010000000000
-0.320090000000000
-0.314150000000000
-0.360610000000000
-0.384360000000000
-0.400390000000000
-0.419500000000000
-0.384140000000000
-0.316660000000000
-0.311240000000000
-0.288000000000000
-0.257980000000000
-0.244060000000000
-0.221310000000000
-0.223200000000000
-0.218310000000000
-0.208380000000000
-0.199150000000000
-0.176900000000000
-0.174370000000000
-0.193800000000000
-0.195050000000000
-0.165170000000000
-0.163800000000000
-0.117650000000000
-0.0665400000000000
-0.0551800000000000
-0.0178300000000000
0.0213700000000000
0.000300000000000000
-0.0254900000000000
-0.0155100000000000
0.00429000000000000
0.0219400000000000
0.00702000000000000
-0.0368100000000000
-0.0237400000000000
-0.00773000000000000
-0.0148200000000000
0.0335800000000000
0.0543800000000000
0.0415900000000000
0.0692700000000000
0.126150000000000
0.161670000000000
0.165610000000000
0.150530000000000
0.162870000000000
0.175530000000000
0.174950000000000
0.167680000000000
0.139970000000000
0.140830000000000
0.157430000000000
0.164250000000000
0.205070000000000
0.191650000000000
0.173400000000000
0.188090000000000
0.172740000000000
0.167840000000000
0.182690000000000
0.203540000000000
0.193790000000000
0.205800000000000
0.197860000000000
0.140360000000000
0.0930400000000000
0.0598000000000000
0.0542400000000000
0.0399400000000000
0.0324300000000000
0.0400800000000000
0.0349700000000000
0.0677800000000000
0.115620000000000
0.149780000000000
0.153090000000000
0.133010000000000
0.113340000000000
0.107890000000000
0.0863100000000000
0.0784800000000000
0.0789600000000000
0.0596800000000000
0.0292600000000000
0.0218600000000000
0.0280700000000000
0.0347900000000000
0.0255200000000000
0.0258200000000000
0.0373600000000000
0.0255300000000000
0.0476900000000000
0.0343100000000000
0.0426800000000000
0.0889500000000000
0.156760000000000
0.203850000000000
0.228810000000000
0.250550000000000
0.247580000000000
0.258330000000000
0.297690000000000
0.305480000000000
0.298810000000000
0.321960000000000
0.281890000000000
0.258760000000000
0.237400000000000
0.197960000000000
0.215920000000000
0.257390000000000
0.254260000000000
0.238710000000000
0.233970000000000
0.251330000000000
0.213490000000000
0.227170000000000
0.271860000000000
0.282510000000000
0.290080000000000
0.306190000000000
0.290670000000000
0.285760000000000
0.251320000000000
0.252810000000000
0.223260000000000
0.223330000000000
0.195650000000000
0.159830000000000
0.176990000000000
0.149100000000000
0.124970000000000
0.107170000000000
0.0570300000000000
0.0147700000000000
-0.0200500000000000
-0.0251100000000000
-0.00345000000000000
0.0146000000000000
0.00934000000000000
0.00369000000000000
-0.0152200000000000
0.00831000000000000
0.00769000000000000
0.00360000000000000
0.00183000000000000
-0.0241900000000000
-0.0381300000000000
-0.0270600000000000
-0.00405000000000000
0.0302100000000000
0.0429400000000000
0.0579300000000000
0.0881000000000000
0.0943300000000000
0.0616000000000000
0.0427500000000000
0.0440300000000000
0.0470300000000000
0.0556200000000000
0.0815400000000000
0.101330000000000
0.107730000000000
0.0807200000000000
0.0687100000000000
0.0524600000000000
0.0559800000000000
0.0154100000000000
-0.0325100000000000
-0.0780500000000000
-0.109990000000000
-0.104980000000000
-0.124990000000000
-0.0970300000000000
-0.0896000000000000
-0.0938500000000000
-0.0994400000000000
-0.0870900000000000
-0.0607700000000000
-0.0568000000000000
-0.0672700000000000
-0.0937700000000000
-0.143260000000000
-0.171550000000000
-0.194340000000000
-0.232010000000000
-0.271400000000000
-0.293970000000000
-0.267720000000000
-0.254500000000000
-0.265420000000000
-0.285030000000000
-0.326900000000000
-0.350460000000000
-0.372440000000000
-0.394450000000000
-0.397620000000000
-0.405810000000000
-0.388010000000000
-0.354940000000000
-0.342850000000000
-0.316310000000000
-0.278960000000000
-0.244660000000000
-0.230060000000000
-0.181250000000000
-0.152450000000000
-0.171940000000000
-0.192320000000000
-0.173230000000000
-0.156210000000000
-0.156090000000000
-0.148980000000000
-0.142540000000000
-0.130030000000000
-0.145710000000000
-0.187170000000000
-0.205850000000000
-0.245490000000000
-0.287870000000000
-0.289620000000000
-0.273520000000000
-0.305850000000000
-0.241590000000000
-0.208030000000000
-0.190590000000000
-0.218260000000000
-0.214350000000000
-0.187750000000000
-0.161840000000000
-0.141060000000000
-0.162010000000000
-0.165660000000000
-0.162470000000000
-0.134000000000000
-0.149180000000000
-0.139610000000000
-0.162220000000000
-0.169190000000000
-0.183980000000000
-0.175190000000000
-0.132350000000000
-0.108750000000000
-0.102710000000000
-0.103770000000000
-0.131760000000000
-0.153040000000000
-0.182610000000000
-0.156100000000000
-0.110320000000000
-0.0445600000000000
-0.000920000000000000
-0.0153600000000000
-0.0235200000000000
-0.0149700000000000
0.00644000000000000
0.0226200000000000
0.0306700000000000
0.00947000000000000
0.00493000000000000
-0.0188800000000000
-0.0262300000000000
-0.0515200000000000
-0.108010000000000
-0.160720000000000
-0.184720000000000
-0.167080000000000
-0.149140000000000
-0.105010000000000
-0.0556900000000000
-0.0597400000000000
-0.0880300000000000
-0.0696200000000000
-0.0541900000000000
-0.0557000000000000
-0.0501400000000000
-0.0467300000000000
-0.0249700000000000
-0.0363500000000000
-0.00200000000000000
0.00693000000000000
0.00720000000000000
0.0353700000000000
0.0123600000000000
-0.00155000000000000
0.00306000000000000
0.0212700000000000
0.0494900000000000
0.0888300000000000
0.0930700000000000
0.100090000000000
0.0807100000000000
0.0896600000000000
0.0929300000000000
0.0965800000000000
0.0774200000000000
0.0754800000000000
0.123440000000000
0.127960000000000
0.119530000000000
0.117960000000000
0.112860000000000
0.117170000000000
0.102500000000000
0.116800000000000
0.0861600000000000
0.0462900000000000
0.0476300000000000
0.0302100000000000
0.0135500000000000
0.0380000000000000
0.0333000000000000
0.0488800000000000
0.0591300000000000
0.0703500000000000
0.0841900000000000
0.0725000000000000
0.0420800000000000
0.0534800000000000
0.0713500000000000
0.0840600000000000
0.0876000000000000
0.0783100000000000
0.0493100000000000
0.0297300000000000
0.0322000000000000
0.0297200000000000
0.0133900000000000
-0.00116000000000000
-0.0213700000000000
-0.0351600000000000
-0.0132900000000000
-0.0271600000000000
-0.00928000000000000
-0.00714000000000000
-0.0164300000000000
-0.0123600000000000
-0.00108000000000000
0.0123200000000000
0.00760000000000000
0.00802000000000000
0.0433800000000000
0.0619000000000000
0.0459000000000000
0.0593800000000000
0.0502900000000000
0.0352100000000000
-0.00147000000000000
-0.0191000000000000
-0.0360100000000000
-0.0381600000000000
-0.0262100000000000
0.00149000000000000
0.00709000000000000
-0.0303000000000000
-0.0501900000000000
-0.0753400000000000
-0.0982000000000000
-0.0984500000000000
-0.106860000000000
-0.0991500000000000
-0.0673900000000000
-0.0415600000000000
-0.0247000000000000
-0.0176500000000000
-0.0125300000000000
0.00785000000000000
0.0290100000000000
0.0911100000000000
0.131190000000000
0.166970000000000
0.168300000000000
0.188580000000000
0.182270000000000
0.176650000000000
0.147470000000000
0.137460000000000
0.161240000000000
0.152840000000000
0.116810000000000
0.106350000000000
0.0922800000000000
0.0891100000000000
0.0789100000000000
0.0680200000000000
0.0585400000000000
0.0265600000000000
0.0400800000000000
0.0553300000000000
0.0418600000000000
0.0356400000000000
0.0319200000000000
0.0297000000000000
0.0442500000000000
0.0639600000000000
0.0766700000000000
0.104900000000000
0.0771400000000000
0.0135000000000000
0.0110400000000000
0.0402300000000000
0.0562500000000000
0.0697600000000000
0.0425100000000000
0.0107600000000000
-0.0163900000000000
-0.00432000000000000
-0.0123000000000000
-0.0329200000000000
-0.0386800000000000
-0.0738900000000000
-0.0553000000000000
-0.0934600000000000
-0.114510000000000
-0.106630000000000
-0.102560000000000
-0.0768400000000000
-0.0626300000000000
-0.0311000000000000
-0.0591700000000000
-0.0785100000000000
-0.0653000000000000
-0.0379200000000000
-0.0334700000000000
-0.0347700000000000
-0.0266000000000000
-0.0187200000000000
-0.0139200000000000
-0.0270900000000000
-0.0498900000000000
-0.0555600000000000
-0.0677300000000000
-0.0927100000000000
-0.0862200000000000
-0.104420000000000
-0.101480000000000
-0.0849900000000000
-0.0870700000000000
-0.103780000000000
-0.125320000000000
-0.156650000000000
-0.164790000000000
-0.170880000000000
-0.182250000000000
-0.154510000000000
-0.156730000000000
-0.152620000000000
-0.138770000000000
-0.154390000000000
-0.158470000000000
-0.152760000000000
-0.185430000000000
-0.193090000000000
-0.206920000000000
-0.212180000000000
-0.199650000000000
-0.183710000000000
-0.181330000000000
-0.156710000000000
-0.133970000000000
-0.132690000000000
-0.158380000000000
-0.208770000000000
-0.238690000000000
-0.228990000000000
-0.215790000000000
-0.188490000000000
-0.179610000000000
-0.208390000000000
-0.251790000000000
-0.246830000000000
-0.243680000000000
-0.247550000000000
-0.221180000000000
-0.208250000000000
-0.228300000000000
-0.170760000000000
-0.147960000000000
-0.131640000000000
-0.126300000000000
-0.127330000000000
-0.136040000000000
-0.138340000000000
-0.126960000000000
-0.135160000000000
-0.146440000000000
-0.144420000000000
-0.131990000000000
-0.108470000000000
-0.117690000000000
-0.129790000000000
-0.149580000000000
-0.155610000000000
-0.167500000000000
-0.180030000000000
-0.166630000000000
-0.162260000000000
-0.131170000000000
-0.0730000000000000
-0.0207100000000000
0.0241000000000000
0.0328600000000000
0.0381700000000000
0.0603000000000000
0.0548000000000000
0.0500800000000000
0.0426200000000000
0.0190900000000000
0.00106000000000000
-0.00561000000000000
0.00425000000000000
-0.0183900000000000
-0.0481600000000000
-0.0721700000000000
-0.0702900000000000
-0.0592000000000000
-0.0151200000000000
0.0164600000000000
0.0299200000000000
0.0317500000000000
0.00307000000000000
-0.0339900000000000
-0.0552600000000000
-0.0676400000000000
-0.0561300000000000
-0.0861700000000000
-0.0837100000000000
-0.0607900000000000
-0.0442000000000000
-0.0814500000000000
-0.0999200000000000
-0.102400000000000
-0.0926700000000000
-0.0816800000000000
-0.0504900000000000
-0.0361000000000000
-0.0683500000000000
-0.105020000000000
-0.119990000000000
-0.106570000000000
-0.107340000000000
-0.0704900000000000
-0.0178000000000000
-0.0169300000000000
-0.0125000000000000
-0.00549000000000000
-0.0426200000000000
-0.0718000000000000
-0.102860000000000
-0.152290000000000
-0.181950000000000
-0.199180000000000
-0.230900000000000
-0.256860000000000
-0.261970000000000
-0.281680000000000
-0.297850000000000
-0.285810000000000
-0.241500000000000
-0.253150000000000
-0.267260000000000
-0.273250000000000
-0.321240000000000
-0.315110000000000
-0.272700000000000
-0.229180000000000
-0.225900000000000
-0.222360000000000
-0.218860000000000
-0.236850000000000
-0.224550000000000
-0.192760000000000
-0.159480000000000
-0.152630000000000
-0.129280000000000
-0.140080000000000
-0.121060000000000
-0.116320000000000
-0.115020000000000
-0.138500000000000
-0.181000000000000
-0.191990000000000
-0.150360000000000
-0.110910000000000
-0.0896800000000000
-0.0909500000000000
-0.0838900000000000
-0.0809400000000000
-0.0387000000000000
-0.00855000000000000
0.00537000000000000
0.0102700000000000
-0.0255800000000000
-0.0218700000000000
-0.0225900000000000
-0.0151300000000000
0.0188700000000000
0.0147300000000000
-0.00897000000000000
-0.0350400000000000
-0.0549700000000000
-0.0433900000000000
-0.0654900000000000
-0.0467500000000000
-0.0374400000000000
-0.0137100000000000
0.00973000000000000
0.0123100000000000
0.0431300000000000
0.0809200000000000
0.0923200000000000
0.103250000000000
0.143060000000000
0.121280000000000
0.127870000000000
0.153550000000000
0.186450000000000
0.208680000000000
0.237660000000000
0.268030000000000
0.282300000000000
0.263070000000000
0.238830000000000
0.233260000000000
0.212070000000000
0.245610000000000
0.258690000000000
0.247170000000000
0.214240000000000
0.174560000000000
0.157300000000000
0.152970000000000
0.148360000000000
0.160290000000000
0.138560000000000
0.128390000000000
0.145790000000000
0.113040000000000
0.108070000000000
0.131730000000000
0.131730000000000
0.151720000000000
0.187840000000000
0.159340000000000
0.131550000000000
0.105730000000000
0.0564400000000000
0.0128800000000000
-0.0128700000000000
-0.00733000000000000
0.00826000000000000
-0.0124300000000000
-0.00873000000000000
-0.0499600000000000
-0.0723200000000000
-0.0693800000000000
-0.0448500000000000
-0.0567800000000000
-0.0400000000000000
-0.0103300000000000
0.000560000000000000
0.0429300000000000
0.0861500000000000
0.0879200000000000
0.0830000000000000
0.0954800000000000
0.0807700000000000
0.0729200000000000
0.114610000000000
0.148220000000000
0.163550000000000
0.185600000000000
0.189920000000000
0.175760000000000
0.175940000000000
0.177540000000000
0.197760000000000
0.203240000000000
0.234800000000000
0.225540000000000
0.218780000000000
0.217100000000000
0.192890000000000
0.168330000000000
0.166250000000000
0.142040000000000
0.0996000000000000
0.0727600000000000
0.0452100000000000
0.0441000000000000
0.0474700000000000
0.0841700000000000
0.104750000000000
0.101410000000000
0.0931600000000000
0.0916800000000000
0.114310000000000
0.118160000000000
0.106020000000000
0.0886000000000000
0.0458900000000000
0.0303300000000000
0.0335800000000000
0.0384100000000000
0.0486400000000000
0.0216300000000000
0.0201400000000000
0.0273300000000000
0.0275600000000000
0.00211000000000000
-0.0141800000000000
-0.0239800000000000
-0.0132700000000000
-0.00271000000000000
0.0363400000000000
0.0497000000000000
0.0517200000000000
0.0243200000000000
0.00535000000000000
-0.0131600000000000
-0.0311300000000000
-0.0284800000000000
-0.0347200000000000
-0.0319000000000000
-0.0497600000000000
-0.0644200000000000
-0.0661400000000000
-0.0487200000000000
-0.0238100000000000
0.0128400000000000
0.0676900000000000
0.0875900000000000
0.110630000000000
0.105330000000000
0.0776400000000000
0.0588400000000000
0.0462100000000000
0.0285100000000000
-0.0113000000000000
-0.0126000000000000
-0.0551700000000000
-0.0688200000000000
-0.0735200000000000
-0.0824500000000000
-0.0829600000000000
-0.102160000000000
-0.164290000000000
-0.156590000000000
-0.141740000000000
-0.132260000000000
-0.115590000000000
-0.132340000000000
-0.177160000000000
-0.168800000000000
-0.128300000000000
-0.0938000000000000
-0.0702000000000000
-0.00642000000000000
-0.00793000000000000
-0.0155800000000000
0.00322000000000000
-0.0284200000000000
-0.0248600000000000
-0.0193000000000000
-0.0239600000000000
-0.0217500000000000
-0.0419400000000000
-0.0381000000000000
-0.0353000000000000
-0.0175500000000000
0.0205500000000000
0.0551000000000000
0.0506000000000000
0.0442900000000000
0.0382000000000000
0.0464900000000000
0.0654000000000000
0.0781200000000000
0.118120000000000
0.149430000000000
0.162270000000000
0.180340000000000
0.203500000000000
0.194020000000000
0.174700000000000
0.167290000000000
0.182480000000000
0.200290000000000
0.198010000000000
0.228960000000000
0.249420000000000
0.230960000000000
0.197410000000000
0.162810000000000
0.140080000000000
0.117350000000000
0.122170000000000
0.114140000000000
0.111820000000000
0.0974700000000000
0.0719600000000000
0.0557500000000000
0.0419700000000000
0.0124200000000000
0.0174600000000000
-0.0138800000000000
-0.0117100000000000
-0.00917000000000000
-0.0391800000000000
-0.0384500000000000
-0.0532000000000000
-0.0764800000000000
-0.0496300000000000
0.0123400000000000
0.0258000000000000
0.0358600000000000
0.0549700000000000
0.0480000000000000
0.0359800000000000
0.0379200000000000
0.0562200000000000
0.0166600000000000
-0.0270700000000000
-0.0220400000000000
-0.0167000000000000
0.00421000000000000
0.0248800000000000
-0.00739000000000000
-0.0425100000000000
-0.0556100000000000
-0.0675400000000000
-0.0603500000000000
-0.0448700000000000
-0.0240800000000000
0.00792000000000000
0.0240600000000000
0.0419700000000000
0.0292700000000000
0.00556000000000000
0.0286500000000000
0.0365900000000000
0.0434200000000000
0.0674200000000000
0.104460000000000
0.128820000000000
0.123520000000000
0.134740000000000
0.152060000000000
0.151980000000000
0.167120000000000
0.159140000000000
0.130400000000000
0.150190000000000
0.132710000000000
0.168320000000000
0.201100000000000
0.216450000000000
0.205900000000000
0.187540000000000
0.180480000000000
0.144000000000000
0.122800000000000
0.111160000000000
0.0915000000000000
0.0439700000000000
0.0456800000000000
0.0290400000000000
0.0175800000000000
0.0516100000000000
0.0814700000000000
0.0817500000000000
0.0916200000000000
0.0810000000000000
0.0756800000000000
0.0791200000000000
0.0797600000000000
0.0939100000000000
0.0864500000000000
0.0944500000000000
0.0684800000000000
0.0654200000000000
0.0468400000000000
0.0445800000000000
0.0528300000000000
0.0591600000000000
0.0446200000000000
0.0528000000000000
0.0249500000000000
0.0249700000000000
0.0368400000000000
0.0548200000000000
0.0526400000000000
0.0442800000000000
0.0342400000000000
0.0399100000000000
0.0478900000000000
0.0834600000000000
0.147010000000000
0.153250000000000
0.116340000000000
0.0992000000000000
0.114110000000000
0.0738200000000000
0.0571900000000000
0.0342100000000000
0.0327300000000000
0.0278900000000000
0.0596400000000000
0.0769800000000000
0.0769700000000000
0.0487600000000000
0.0280200000000000
0.0351900000000000
0.0429500000000000
0.0305900000000000
0.0375700000000000
0.0593200000000000
0.0997500000000000
0.136800000000000
0.199370000000000
0.243300000000000
0.233960000000000
0.214740000000000
0.211800000000000
0.168320000000000
0.144880000000000
0.164060000000000
0.167240000000000
0.174280000000000
0.157290000000000
0.147480000000000
0.128340000000000
0.155380000000000
0.219450000000000
0.224610000000000
0.208450000000000
0.171100000000000
0.128800000000000
0.117520000000000
0.138540000000000
0.131360000000000
0.121810000000000
0.140560000000000
0.150580000000000
0.176190000000000
0.188660000000000
0.187420000000000
0.152930000000000
0.158300000000000
0.156710000000000
0.124630000000000
0.0734200000000000
0.0258900000000000
-0.0132600000000000
-0.0509300000000000
-0.0613200000000000
-0.0937200000000000
-0.134880000000000
-0.124640000000000
-0.159680000000000
-0.182160000000000
-0.199120000000000
-0.170280000000000
-0.156220000000000
-0.151800000000000
-0.142950000000000
-0.177880000000000
-0.199680000000000
-0.147240000000000
-0.137780000000000
-0.108940000000000
-0.0988400000000000
-0.100940000000000
-0.120870000000000
-0.100480000000000
-0.0897600000000000
-0.0888300000000000
-0.0799900000000000
-0.0511300000000000
-0.0513000000000000
-0.0405100000000000
-0.0299000000000000
-0.00477000000000000
0.000700000000000000
0.00173000000000000
-0.00588000000000000
-0.0179300000000000
-0.0147500000000000
0.0357400000000000
0.0530600000000000
0.0562000000000000
0.0671700000000000
0.0809800000000000
0.131900000000000
0.129340000000000
0.135270000000000
0.0492100000000000
0.0542200000000000
0.0474100000000000
0.0139700000000000
0.0210600000000000
0.0273600000000000
0.0803100000000000
0.139840000000000
0.125040000000000
0.119760000000000
0.0634300000000000
0.0331500000000000
0.0478300000000000
0.0760500000000000
0.0755700000000000
0.0651600000000000
0.0348600000000000
0.0171500000000000
-0.0261200000000000
-0.00846000000000000
-0.0271900000000000
-0.0433000000000000
-0.0319200000000000
-0.0193100000000000
0.00950000000000000
0.0138200000000000
0.00998000000000000
-0.00604000000000000
-0.00200000000000000
0.0203000000000000
0.0643600000000000
0.0919900000000000
0.105490000000000
0.106740000000000
0.0622500000000000
0.0332000000000000
0.00224000000000000
-0.0162900000000000
-0.0295100000000000
-0.0173500000000000
-0.00987000000000000
-0.0130600000000000
-0.0186000000000000
-0.0786000000000000
-0.123240000000000
-0.133680000000000
-0.144660000000000
-0.128340000000000
-0.120990000000000
-0.144340000000000
-0.171280000000000
-0.192610000000000
-0.202520000000000
-0.216400000000000
-0.215360000000000
-0.183990000000000
-0.183710000000000
-0.155550000000000
-0.102420000000000
-0.0867200000000000
-0.0687800000000000
-0.0446600000000000
-0.0581400000000000
-0.0766500000000000
-0.0559300000000000
-0.0875400000000000
-0.0971000000000000
-0.0911900000000000
-0.0835200000000000
-0.0966600000000000
-0.0843300000000000
-0.0356300000000000
-0.0138700000000000
-0.0144500000000000
-0.0200300000000000
-0.0187000000000000
-0.0261500000000000
0.00194000000000000
0.0190700000000000
0.00466000000000000
-0.0341100000000000
-0.0504300000000000
-0.0573500000000000
-0.0462200000000000
-0.0626500000000000
-0.0475900000000000
-0.0778100000000000
-0.0673900000000000
-0.0688200000000000
-0.0662500000000000
-0.0479900000000000
-0.0411700000000000
-0.0435000000000000
-0.0580300000000000
-0.0818900000000000
-0.0979700000000000
-0.0767900000000000
-0.0520400000000000
-0.0485100000000000
-0.0661200000000000
-0.0808800000000000
-0.0771900000000000
-0.0603300000000000
-0.0377400000000000
-0.0248600000000000
-0.00883000000000000
0.0212200000000000
0.0507400000000000
0.0828600000000000
0.0854600000000000
0.0917400000000000
0.0898700000000000
0.0926100000000000
0.109320000000000
0.0992300000000000
0.106860000000000
0.0780800000000000
0.0836000000000000
0.101010000000000
0.0855300000000000
0.0679500000000000
0.0416300000000000
0.00119000000000000
-0.0149600000000000
0.00306000000000000
0.0150200000000000
0.0182300000000000
0.0167400000000000
0.0658600000000000
0.0798600000000000
0.103700000000000
0.145320000000000
0.147230000000000
0.147810000000000
0.164200000000000
0.175640000000000
0.159420000000000
0.149600000000000
0.141640000000000
0.106370000000000
0.0987800000000000
0.101810000000000
0.0668600000000000
0.0542000000000000
0.0511600000000000
0.0587500000000000
0.0847600000000000
0.0844900000000000
0.0766700000000000
0.0365900000000000
0.00738000000000000
-0.0273000000000000
-0.0219700000000000
-0.0337800000000000
-0.0381800000000000
-0.0372900000000000
-0.0242200000000000
-0.0479100000000000
-0.0572400000000000
-0.0552300000000000
-0.0358600000000000
-0.0339700000000000
-0.0319100000000000
-0.0468400000000000
-0.0756000000000000
-0.0626600000000000
-0.0494400000000000
-0.0530400000000000
-0.0526400000000000
-0.0920300000000000
-0.105140000000000
-0.100700000000000
-0.103260000000000
-0.0997600000000000
-0.0912300000000000
-0.0818000000000000
-0.105000000000000
-0.137750000000000
-0.123080000000000
-0.116860000000000
-0.115140000000000
-0.102480000000000
-0.0768500000000000
-0.0207900000000000
0.00526000000000000
0.0298200000000000
0.0484100000000000
0.0495600000000000
0.0720200000000000
0.102000000000000
0.131690000000000
0.123290000000000
0.115410000000000
0.130770000000000
0.116720000000000
0.120430000000000
0.148660000000000
0.161360000000000
0.186520000000000
0.226750000000000
0.241230000000000
0.223250000000000
0.250920000000000
0.251920000000000
0.258290000000000
0.254120000000000
0.219740000000000
0.211400000000000
0.182060000000000
0.166050000000000
0.152520000000000
0.140050000000000
0.109180000000000
0.115790000000000
0.133190000000000
0.157110000000000
0.163520000000000
0.134670000000000
0.116010000000000
0.0572600000000000
0.0458700000000000
0.0301800000000000
0.0261800000000000
0.0304700000000000
0.0434200000000000
0.0675000000000000
0.0530600000000000
0.0119300000000000
-0.0220200000000000
-0.000280000000000000
0.0395600000000000
0.0898600000000000
0.101450000000000
0.0786400000000000
0.0744700000000000
0.0908200000000000
0.0934800000000000
0.0794300000000000
0.0613600000000000
0.0417100000000000
-0.0108500000000000
-0.0157600000000000
-0.000480000000000000
0.00375000000000000
0.0310700000000000
0.0186500000000000
0.0293600000000000
0.0658500000000000
0.0794400000000000
0.103330000000000
0.135440000000000
0.0999300000000000
0.0688300000000000
0.0944000000000000
0.124520000000000
0.158070000000000
0.168430000000000
0.187320000000000
0.184880000000000
0.165450000000000
0.185210000000000
0.203260000000000
0.228870000000000
0.224540000000000
0.218050000000000
0.197910000000000
0.184660000000000
0.180030000000000
0.195800000000000
0.161450000000000
0.138250000000000
0.125160000000000
0.0853900000000000
0.0819000000000000
0.0937700000000000
0.0818200000000000
0.0839700000000000
0.0556300000000000
0.0279300000000000
0.00212000000000000
-0.0227700000000000
-0.0395800000000000
-0.0557200000000000
-0.0700500000000000
-0.0646300000000000
-0.0729800000000000
-0.124310000000000
-0.143680000000000
-0.140310000000000
-0.115420000000000
-0.0828600000000000
-0.0828600000000000
-0.0522800000000000
-0.0557000000000000
-0.0323100000000000
0.00609000000000000
-0.00426000000000000
-0.0253600000000000
-0.0630900000000000
-0.0913000000000000
-0.0829400000000000
-0.0635600000000000
-0.0484100000000000
-0.0411200000000000
-0.0578000000000000
-0.0364100000000000
-0.0145300000000000
-0.0400700000000000
-0.0528300000000000
-0.0729200000000000
-0.100940000000000
-0.0747700000000000
-0.0706800000000000
-0.0542500000000000
-0.0522900000000000
-0.0954300000000000
-0.0771100000000000
-0.0677100000000000
-0.0685900000000000
-0.0910800000000000
-0.101140000000000
-0.106320000000000
-0.128840000000000
-0.101860000000000
-0.0854500000000000
-0.0670300000000000
-0.0753700000000000
-0.0886400000000000
-0.0805000000000000
-0.0807300000000000
-0.0963000000000000
-0.0998700000000000
-0.115370000000000
-0.118260000000000
-0.110710000000000
-0.0643700000000000
0.0198500000000000
0.0546500000000000
0.0381100000000000
0.0488100000000000
0.0404400000000000
0.0410900000000000
0.0174100000000000
0.00841000000000000
-0.0179900000000000
-0.0474200000000000
-0.0524200000000000
-0.0582100000000000
-0.123340000000000
-0.149520000000000
-0.176090000000000
-0.168910000000000
-0.163880000000000
-0.132280000000000
-0.101850000000000
-0.101980000000000
-0.0825700000000000
-0.0851500000000000
-0.0717300000000000
-0.0558300000000000
-0.0243400000000000
-0.0110900000000000
0.0317400000000000
0.0522500000000000
0.0444200000000000
0.0543300000000000
0.0211200000000000
0.00835000000000000
-0.00122000000000000
0.0215600000000000
0.0230800000000000
0.00851000000000000
-0.0361000000000000
-0.0244100000000000
0.0144500000000000
0.0461600000000000
0.120810000000000
0.145650000000000
0.146060000000000
0.139060000000000
0.147160000000000
0.166540000000000
0.169160000000000
0.177980000000000
0.169610000000000
0.176760000000000
0.193210000000000
0.209100000000000
0.226170000000000
0.214020000000000
0.206170000000000
0.201520000000000
0.216970000000000
0.216920000000000
0.209020000000000
0.205980000000000
0.201670000000000
0.174660000000000
0.190700000000000
0.205080000000000
0.195100000000000
0.192980000000000
0.187650000000000
0.165920000000000
0.147530000000000
0.109140000000000
0.0514700000000000
0.00355000000000000
-0.0467800000000000
-0.0729700000000000
-0.103390000000000
-0.129540000000000
-0.153940000000000
-0.159180000000000
-0.175120000000000
-0.222350000000000
-0.241700000000000
-0.231240000000000
-0.264040000000000
-0.265110000000000
-0.280710000000000
-0.287640000000000
-0.287720000000000
-0.265670000000000
-0.248040000000000
-0.250190000000000
-0.267890000000000
-0.293490000000000
-0.255530000000000
-0.282650000000000
-0.334400000000000
-0.353170000000000
-0.362720000000000
-0.328500000000000
-0.297910000000000
-0.261360000000000
-0.252230000000000
-0.244850000000000
-0.257640000000000
-0.244270000000000
-0.211510000000000
-0.205480000000000
-0.229110000000000
-0.211760000000000
-0.196450000000000
-0.199170000000000
-0.184030000000000
-0.158550000000000
-0.133080000000000
-0.113430000000000
-0.100320000000000
-0.0871800000000000
-0.0668500000000000
-0.0899000000000000
-0.0858900000000000
-0.0365400000000000
-0.0469500000000000
-0.0132000000000000
0.0147600000000000
-0.0100400000000000
-0.0178700000000000
-0.0284900000000000
-0.0397200000000000
-0.0591400000000000
-0.0756900000000000
-0.0959400000000000
-0.136360000000000
-0.0988100000000000
-0.0508300000000000
-0.0446300000000000
-0.0492600000000000
-0.0559900000000000
-0.0561300000000000
-0.0700600000000000
-0.0748400000000000
-0.0730800000000000
-0.0828000000000000
-0.0907600000000000
-0.0871700000000000
-0.0912100000000000
-0.110260000000000
-0.100380000000000
-0.0848000000000000
-0.0624300000000000
-0.0348800000000000
-0.0507600000000000
-0.0573300000000000
-0.0640600000000000
-0.0744700000000000
-0.0478400000000000
-0.0186100000000000
-0.0111900000000000
-0.0430200000000000
-0.0698100000000000
-0.0721300000000000
-0.0644600000000000
-0.0572400000000000
-0.00660000000000000
0.00876000000000000
0.0172500000000000
0.0390300000000000
0.0283900000000000
0.00199000000000000
-0.0135700000000000
-0.0177400000000000
-0.0563600000000000
-0.0666500000000000
-0.0606900000000000
-0.0483800000000000
-0.0534200000000000
-0.0637700000000000
-0.112910000000000
-0.129780000000000
-0.102890000000000
-0.0974700000000000
-0.132310000000000
-0.126650000000000

