0.05676
0.28865
0.2223
0.07143
0.04955
0.14505
0.14099
0.05419
0.01897
0.03986
0.06221
0.01583
-0.04572
-0.0102
0.05653
0.03486
-0.00789
0.0244
0.04908
0.03813
0.04696
0.04821
0.03878
0.01812
0.00515
0.00927
0.05809
0.0443
0.0311
0.01628
-0.02954
-0.04989
-0.05028
-0.0611
-0.07131
-0.07681
-0.04442
-0.04561
-0.03536
-0.01905
-0.04018
-0.05086
-0.03804
-0.03969
-0.01505
0.0478
0.05266
0.0296
0.03588
-0.00059
-0.02718
-0.01112
0.00026
0.01871
0.04262
0.06806
0.06814
0.06279
0.08027
0.08233
0.07968
0.05529
0.03388
0.05979
0.08534
0.13417
0.11956
0.08764
0.03857
-0.00375
-0.01551
-0.01671
-0.04727
-0.01445
-0.00407
-0.013
-0.0007
0.00401
0.01162
0.01261
0.03651
0.04074
0.02074
0.00281
-0.01414
-0.00926
-0.02987
-0.0396
-0.02998
-0.04186
-0.0529
-0.02682
0.03134
0.02186
0.07564
0.11647
0.12913
0.07794
0.04285
0.03922
0.0395
0.04078
0.05235
0.05048
0.06051
0.07899
0.10011
0.11951
0.17631
0.21772
0.25301
0.34044
0.33581
0.32843
0.3575
0.33559
0.35162
0.40782
0.41411
0.3865
0.37964
0.34449
0.28725
0.27328
0.25015
0.24498
0.23473
0.24081
0.26675
0.26598
0.25266
0.26818
0.23743
0.20814
0.23108
0.23686
0.2194
0.21399
0.22843
0.25337
0.29454
0.34392
0.33604
0.3531
0.37606
0.38169
0.3974
0.40666
0.37672
0.34403
0.31014
0.28269
0.27061
0.2205
0.16924
0.15815
0.11216
0.12305
0.1024
0.10189
0.12857
0.1033
0.10126
0.08741
0.0784
0.09472
0.07583
0.08824
0.08538
0.04656
0.02389
0.02218
0.02921
0.02956
0.04224
0.06879
0.06778
0.06182
0.08328
0.10827
0.12189
0.1529
0.18618
0.22751
0.24127
0.25863
0.2705
0.26029
0.27583
0.26603
0.21732
0.19962
0.17937
0.18986
0.19043
0.17632
0.1705
0.12548
0.13064
0.13825
0.12841
0.11772
0.0958
0.10794
0.16704
0.2034
0.22683
0.25305
0.24609
0.21256
0.20694
0.22537
0.22397
0.1938
0.18376
0.18475
0.13959
0.1569
0.16127
0.10916
0.07022
0.08171
0.09933
0.17892
0.22854
0.2227
0.23801
0.23333
0.20478
0.21255
0.25033
0.24107
0.26878
0.24892
0.20821
0.14752
0.13349
0.11221
0.12996
0.10214
0.05032
0.03505
0.05711
0.05217
0.04519
0.08938
0.12338
0.12089
0.15343
0.17501
0.15328
0.13369
0.11236
0.08682
0.05216
0.12144
0.13138
0.12441
0.12779
0.11875
0.13317
0.16629
0.18805
0.17744
0.18416
0.22107
0.20233
0.20777
0.22121
0.22921
0.26766
0.29448
0.29051
0.25064
0.23041
0.20183
0.15846
0.10347
0.08782
0.0811
0.07733
0.06762
0.07905
0.08992
0.0944
0.07067
0.03663
0.03259
0.00645
0.02394
-0.00531
-0.05759
-0.07699
-0.09133
-0.08214
-0.06921
-0.07143
-0.0706
-0.04555
-0.04193
-0.04393
-0.02687
0.01012
0.01806
0.04287
0.0339
0.04745
0.02296
0.01931
0.00203
-0.04272
-0.06337
-0.06089
-0.06246
-0.06895
-0.06949
-0.09217
-0.11143
-0.09432
-0.08492
-0.07601
-0.06292
-0.06941
-0.05993
-0.05515
-0.08088
-0.10715
-0.11762
-0.10952
-0.08421
-0.05816
-0.04348
-0.04189
-0.08648
-0.1029
-0.08185
-0.07313
-0.07273
-0.03583
-0.03797
-0.03948
-0.02691
-0.01627
-0.0231
-0.01393
-0.03045
-0.03903
-0.01253
-0.03163
-0.02206
0.01027
0.0404
0.05438
0.09296
0.11174
0.12473
0.13095
0.08153
0.07317
0.10489
0.1096
0.12952
0.16291
0.18433
0.18093
0.21165
0.25207
0.26498
0.26719
0.24644
0.23227
0.24134
0.23083
0.21173
0.20929
0.17503
0.16736
0.15578
0.15197
0.14194
0.12736
0.1302
0.15987
0.14775
0.15685
0.17494
0.17563
0.17679
0.19882
0.19024
0.2073
0.20547
0.18379
0.17968
0.19851
0.23532
0.27437
0.28419
0.25655
0.24881
0.18952
0.15783
0.1732
0.17049
0.20232
0.23614
0.21742
0.18373
0.16457
0.15495
0.1853
0.20539
0.17578
0.15418
0.13333
0.12873
0.12539
0.1002
0.06134
0.04852
0.05908
0.06189
0.05994
0.04846
0.03558
0.01514
-0.02167
-0.05086
-0.10229
-0.12839
-0.13304
-0.1151
-0.13259
-0.12531
-0.14737
-0.16393
-0.14506
-0.12867
-0.09226
-0.0759
-0.08553
-0.09929
-0.08477
-0.03306
0.00872
0.03767
0.05552
0.06683
0.06962
0.13016
0.13774
0.14459
0.14519
0.15457
0.16686
0.1689
0.14353
0.13834
0.15482
0.17853
0.16671
0.16468
0.14659
0.1413
0.14569
0.14742
0.12996
0.11292
0.10342
0.10542
0.08429
0.07479
0.06545
0.0786
0.06047
0.00916
-0.01855
-0.02856
-0.04329
-0.02397
-0.02781
-0.08458
-0.1099
-0.10297
-0.10889
-0.11964
-0.14735
-0.21122
-0.22449
-0.20955
-0.21436
-0.21106
-0.21634
-0.24648
-0.28146
-0.30413
-0.2847
-0.31926
-0.34796
-0.34171
-0.3584
-0.36679
-0.34754
-0.31868
-0.32653
-0.34266
-0.35594
-0.35528
-0.28937
-0.25299
-0.13267
-0.1047
-0.08459
-0.05228
-0.05484
-0.02489
-0.02039
-0.03674
-0.05739
-0.09545
-0.15018
-0.17514
-0.19561
-0.21095
-0.19983
-0.19598
-0.21722
-0.25792
-0.30821
-0.33516
-0.331
-0.32965
-0.33301
-0.32009
-0.31415
-0.36061
-0.38436
-0.40039
-0.4195
-0.38414
-0.31666
-0.31124
-0.288
-0.25798
-0.24406
-0.22131
-0.2232
-0.21831
-0.20838
-0.19915
-0.1769
-0.17437
-0.1938
-0.19505
-0.16517
-0.1638
-0.11765
-0.06654
-0.05518
-0.01783
0.02137
0.0003
-0.02549
-0.01551
0.00429
0.02194
0.00702
-0.03681
-0.02374
-0.00773
-0.01482
0.03358
0.05438
0.04159
0.06927
0.12615
0.16167
0.16561
0.15053
0.16287
0.17553
0.17495
0.16768
0.13997
0.14083
0.15743
0.16425
0.20507
0.19165
0.1734
0.18809
0.17274
0.16784
0.18269
0.20354
0.19379
0.2058
0.19786
0.14036
0.09304
0.0598
0.05424
0.03994
0.03243
0.04008
0.03497
0.06778
0.11562
0.14978
0.15309
0.13301
0.11334
0.10789
0.08631
0.07848
0.07896
0.05968
0.02926
0.02186
0.02807
0.03479
0.02552
0.02582
0.03736
0.02553
0.04769
0.03431
0.04268
0.08895
0.15676
0.20385
0.22881
0.25055
0.24758
0.25833
0.29769
0.30548
0.29881
0.32196
0.28189
0.25876
0.2374
0.19796
0.21592
0.25739
0.25426
0.23871
0.23397
0.25133
0.21349
0.22717
0.27186
0.28251
0.29008
0.30619
0.29067
0.28576
0.25132
0.25281
0.22326
0.22333
0.19565
0.15983
0.17699
0.1491
0.12497
0.10717
0.05703
0.01477
-0.02005
-0.02511
-0.00345
0.0146
0.00934
0.00369
-0.01522
0.00831
0.00769
0.0036
0.00183
-0.02419
-0.03813
-0.02706
-0.00405
0.03021
0.04294
0.05793
0.0881
0.09433
0.0616
0.04275
0.04403
0.04703
0.05562
0.08154
0.10133
0.10773
0.08072
0.06871
0.05246
0.05598
0.01541
-0.03251
-0.07805
-0.10999
-0.10498
-0.12499
-0.09703
-0.0896
-0.09385
-0.09944
-0.08709
-0.06077
-0.0568
-0.06727
-0.09377
-0.14326
-0.17155
-0.19434
-0.23201
-0.2714
-0.29397
-0.26772
-0.2545
-0.26542
-0.28503
-0.3269
-0.35046
-0.37244
-0.39445
-0.39762
-0.40581
-0.38801
-0.35494
-0.34285
-0.31631
-0.27896
-0.24466
-0.23006
-0.18125
-0.15245
-0.17194
-0.19232
-0.17323
-0.15621
-0.15609
-0.14898
-0.14254
-0.13003
-0.14571
-0.18717
-0.20585
-0.24549
-0.28787
-0.28962
-0.27352
-0.30585
-0.24159
-0.20803
-0.19059
-0.21826
-0.21435
-0.18775
-0.16184
-0.14106
-0.16201
-0.16566
-0.16247
-0.134
-0.14918
-0.13961
-0.16222
-0.16919
-0.18398
-0.17519
-0.13235
-0.10875
-0.10271
-0.10377
-0.13176
-0.15304
-0.18261
-0.1561
-0.11032
-0.04456
-0.00092
-0.01536
-0.02352
-0.01497
0.00644
0.02262
0.03067
0.00947
0.00493
-0.01888
-0.02623
-0.05152
-0.10801
-0.16072
-0.18472
-0.16708
-0.14914
-0.10501
-0.05569
-0.05974
-0.08803
-0.06962
-0.05419
-0.0557
-0.05014
-0.04673
-0.02497
-0.03635
-0.002
0.00693
0.0072
0.03537
0.01236
-0.00155
0.00306
0.02127
0.04949
0.08883
0.09307
0.10009
0.08071
0.08966
0.09293
0.09658
0.07742
0.07548
0.12344
0.12796
0.11953
0.11796
0.11286
0.11717
0.1025
0.1168
0.08616
0.04629
0.04763
0.03021
0.01355
0.038
0.0333
0.04888
0.05913
0.07035
0.08419
0.0725
0.04208
0.05348
0.07135
0.08406
0.0876
0.07831
0.04931
0.02973
0.0322
0.02972
0.01339
-0.00116
-0.02137
-0.03516
-0.01329
-0.02716
-0.00928
-0.00714
-0.01643
-0.01236
-0.00108
0.01232
0.0076
0.00802
0.04338
0.0619
0.0459
0.05938
0.05029
0.03521
-0.00147
-0.0191
-0.03601
-0.03816
-0.02621
0.00149
0.00709
-0.0303
-0.05019
-0.07534
-0.0982
-0.09845
-0.10686
-0.09915
-0.06739
-0.04156
-0.0247
-0.01765
-0.01253
0.00785
0.02901
0.09111
0.13119
0.16697
0.1683
0.18858
0.18227
0.17665
0.14747
0.13746
0.16124
0.15284
0.11681
0.10635
0.09228
0.08911
0.07891
0.06802
0.05854
0.02656
0.04008
0.05533
0.04186
0.03564
0.03192
0.0297
0.04425
0.06396
0.07667
0.1049
0.07714
0.0135
0.01104
0.04023
0.05625
0.06976
0.04251
0.01076
-0.01639
-0.00432
-0.0123
-0.03292
-0.03868
-0.07389
-0.0553
-0.09346
-0.11451
-0.10663
-0.10256
-0.07684
-0.06263
-0.0311
-0.05917
-0.07851
-0.0653
-0.03792
-0.03347
-0.03477
-0.0266
-0.01872
-0.01392
-0.02709
-0.04989
-0.05556
-0.06773
-0.09271
-0.08622
-0.10442
-0.10148
-0.08499
-0.08707
-0.10378
-0.12532
-0.15665
-0.16479
-0.17088
-0.18225
-0.15451
-0.15673
-0.15262
-0.13877
-0.15439
-0.15847
-0.15276
-0.18543
-0.19309
-0.20692
-0.21218
-0.19965
-0.18371
-0.18133
-0.15671
-0.13397
-0.13269
-0.15838
-0.20877
-0.23869
-0.22899
-0.21579
-0.18849
-0.17961
-0.20839
-0.25179
-0.24683
-0.24368
-0.24755
-0.22118
-0.20825
-0.2283
-0.17076
-0.14796
-0.13164
-0.1263
-0.12733
-0.13604
-0.13834
-0.12696
-0.13516
-0.14644
-0.14442
-0.13199
-0.10847
-0.11769
-0.12979
-0.14958
-0.15561
-0.1675
-0.18003
-0.16663
-0.16226
-0.13117
-0.073
-0.02071
0.0241
0.03286
0.03817
0.0603
0.0548
0.05008
0.04262
0.01909
0.00106
-0.00561
0.00425
-0.01839
-0.04816
-0.07217
-0.07029
-0.0592
-0.01512
0.01646
0.02992
0.03175
0.00307
-0.03399
-0.05526
-0.06764
-0.05613
-0.08617
-0.08371
-0.06079
-0.0442
-0.08145
-0.09992
-0.1024
-0.09267
-0.08168
-0.05049
-0.0361
-0.06835
-0.10502
-0.11999
-0.10657
-0.10734
-0.07049
-0.0178
-0.01693
-0.0125
-0.00549
-0.04262
-0.0718
-0.10286
-0.15229
-0.18195
-0.19918
-0.2309
-0.25686
-0.26197
-0.28168
-0.29785
-0.28581
-0.2415
-0.25315
-0.26726
-0.27325
-0.32124
-0.31511
-0.2727
-0.22918
-0.2259
-0.22236
-0.21886
-0.23685
-0.22455
-0.19276
-0.15948
-0.15263
-0.12928
-0.14008
-0.12106
-0.11632
-0.11502
-0.1385
-0.181
-0.19199
-0.15036
-0.11091
-0.08968
-0.09095
-0.08389
-0.08094
-0.0387
-0.00855
0.00537
0.01027
-0.02558
-0.02187
-0.02259
-0.01513
0.01887
0.01473
-0.00897
-0.03504
-0.05497
-0.04339
-0.06549
-0.04675
-0.03744
-0.01371
0.00973
0.01231
0.04313
0.08092
0.09232
0.10325
0.14306
0.12128
0.12787
0.15355
0.18645
0.20868
0.23766
0.26803
0.2823
0.26307
0.23883
0.23326
0.21207
0.24561
0.25869
0.24717
0.21424
0.17456
0.1573
0.15297
0.14836
0.16029
0.13856
0.12839
0.14579
0.11304
0.10807
0.13173
0.13173
0.15172
0.18784
0.15934
0.13155
0.10573
0.05644
0.01288
-0.01287
-0.00733
0.00826
-0.01243
-0.00873
-0.04996
-0.07232
-0.06938
-0.04485
-0.05678
-0.04
-0.01033
0.00056
0.04293
0.08615
0.08792
0.083
0.09548
0.08077
0.07292
0.11461
0.14822
0.16355
0.1856
0.18992
0.17576
0.17594
0.17754
0.19776
0.20324
0.2348
0.22554
0.21878
0.2171
0.19289
0.16833
0.16625
0.14204
0.0996
0.07276
0.04521
0.0441
0.04747
0.08417
0.10475
0.10141
0.09316
0.09168
0.11431
0.11816
0.10602
0.0886
0.04589
0.03033
0.03358
0.03841
0.04864
0.02163
0.02014
0.02733
0.02756
0.00211
-0.01418
-0.02398
-0.01327
-0.00271
0.03634
0.0497
0.05172
0.02432
0.00535
-0.01316
-0.03113
-0.02848
-0.03472
-0.0319
-0.04976
-0.06442
-0.06614
-0.04872
-0.02381
0.01284
0.06769
0.08759
0.11063
0.10533
0.07764
0.05884
0.04621
0.02851
-0.0113
-0.0126
-0.05517
-0.06882
-0.07352
-0.08245
-0.08296
-0.10216
-0.16429
-0.15659
-0.14174
-0.13226
-0.11559
-0.13234
-0.17716
-0.1688
-0.1283
-0.0938
-0.0702
-0.00642
-0.00793
-0.01558
0.00322
-0.02842
-0.02486
-0.0193
-0.02396
-0.02175
-0.04194
-0.0381
-0.0353
-0.01755
0.02055
0.0551
0.0506
0.04429
0.0382
0.04649
0.0654
0.07812
0.11812
0.14943
0.16227
0.18034
0.2035
0.19402
0.1747
0.16729
0.18248
0.20029
0.19801
0.22896
0.24942
0.23096
0.19741
0.16281
0.14008
0.11735
0.12217
0.11414
0.11182
0.09747
0.07196
0.05575
0.04197
0.01242
0.01746
-0.01388
-0.01171
-0.00917
-0.03918
-0.03845
-0.0532
-0.07648
-0.04963
0.01234
0.0258
0.03586
0.05497
0.048
0.03598
0.03792
0.05622
0.01666
-0.02707
-0.02204
-0.0167
0.00421
0.02488
-0.00739
-0.04251
-0.05561
-0.06754
-0.06035
-0.04487
-0.02408
0.00792
0.02406
0.04197
0.02927
0.00556
0.02865
0.03659
0.04342
0.06742
0.10446
0.12882
0.12352
0.13474
0.15206
0.15198
0.16712
0.15914
0.1304
0.15019
0.13271
0.16832
0.2011
0.21645
0.2059
0.18754
0.18048
0.144
0.1228
0.11116
0.0915
0.04397
0.04568
0.02904
0.01758
0.05161
0.08147
0.08175
0.09162
0.081
0.07568
0.07912
0.07976
0.09391
0.08645
0.09445
0.06848
0.06542
0.04684
0.04458
0.05283
0.05916
0.04462
0.0528
0.02495
0.02497
0.03684
0.05482
0.05264
0.04428
0.03424
0.03991
0.04789
0.08346
0.14701
0.15325
0.11634
0.0992
0.11411
0.07382
0.05719
0.03421
0.03273
0.02789
0.05964
0.07698
0.07697
0.04876
0.02802
0.03519
0.04295
0.03059
0.03757
0.05932
0.09975
0.1368
0.19937
0.2433
0.23396
0.21474
0.2118
0.16832
0.14488
0.16406
0.16724
0.17428
0.15729
0.14748
0.12834
0.15538
0.21945
0.22461
0.20845
0.1711
0.1288
0.11752
0.13854
0.13136
0.12181
0.14056
0.15058
0.17619
0.18866
0.18742
0.15293
0.1583
0.15671
0.12463
0.07342
0.02589
-0.01326
-0.05093
-0.06132
-0.09372
-0.13488
-0.12464
-0.15968
-0.18216
-0.19912
-0.17028
-0.15622
-0.1518
-0.14295
-0.17788
-0.19968
-0.14724
-0.13778
-0.10894
-0.09884
-0.10094
-0.12087
-0.10048
-0.08976
-0.08883
-0.07999
-0.05113
-0.0513
-0.04051
-0.0299
-0.00477
0.0007
0.00173
-0.00588
-0.01793
-0.01475
0.03574
0.05306
0.0562
0.06717
0.08098
0.1319
0.12934
0.13527
0.04921
0.05422
0.04741
0.01397
0.02106
0.02736
0.08031
0.13984
0.12504
0.11976
0.06343
0.03315
0.04783
0.07605
0.07557
0.06516
0.03486
0.01715
-0.02612
-0.00846
-0.02719
-0.0433
-0.03192
-0.01931
0.0095
0.01382
0.00998
-0.00604
-0.002
0.0203
0.06436
0.09199
0.10549
0.10674
0.06225
0.0332
0.00224
-0.01629
-0.02951
-0.01735
-0.00987
-0.01306
-0.0186
-0.0786
-0.12324
-0.13368
-0.14466
-0.12834
-0.12099
-0.14434
-0.17128
-0.19261
-0.20252
-0.2164
-0.21536
-0.18399
-0.18371
-0.15555
-0.10242
-0.08672
-0.06878
-0.04466
-0.05814
-0.07665
-0.05593
-0.08754
-0.0971
-0.09119
-0.08352
-0.09666
-0.08433
-0.03563
-0.01387
-0.01445
-0.02003
-0.0187
-0.02615
0.00194
0.01907
0.00466
-0.03411
-0.05043
-0.05735
-0.04622
-0.06265
-0.04759
-0.07781
-0.06739
-0.06882
-0.06625
-0.04799
-0.04117
-0.0435
-0.05803
-0.08189
-0.09797
-0.07679
-0.05204
-0.04851
-0.06612
-0.08088
-0.07719
-0.06033
-0.03774
-0.02486
-0.00883
0.02122
0.05074
0.08286
0.08546
0.09174
0.08987
0.09261
0.10932
0.09923
0.10686
0.07808
0.0836
0.10101
0.08553
0.06795
0.04163
0.00119
-0.01496
0.00306
0.01502
0.01823
0.01674
0.06586
0.07986
0.1037
0.14532
0.14723
0.14781
0.1642
0.17564
0.15942
0.1496
0.14164
0.10637
0.09878
0.10181
0.06686
0.0542
0.05116
0.05875
0.08476
0.08449
0.07667
0.03659
0.00738
-0.0273
-0.02197
-0.03378
-0.03818
-0.03729
-0.02422
-0.04791
-0.05724
-0.05523
-0.03586
-0.03397
-0.03191
-0.04684
-0.0756
-0.06266
-0.04944
-0.05304
-0.05264
-0.09203
-0.10514
-0.1007
-0.10326
-0.09976
-0.09123
-0.0818
-0.105
-0.13775
-0.12308
-0.11686
-0.11514
-0.10248
-0.07685
-0.02079
0.00526
0.02982
0.04841
0.04956
0.07202
0.102
0.13169
0.12329
0.11541
0.13077
0.11672
0.12043
0.14866
0.16136
0.18652
0.22675
0.24123
0.22325
0.25092
0.25192
0.25829
0.25412
0.21974
0.2114
0.18206
0.16605
0.15252
0.14005
0.10918
0.11579
0.13319
0.15711
0.16352
0.13467
0.11601
0.05726
0.04587
0.03018
0.02618
0.03047
0.04342
0.0675
0.05306
0.01193
-0.02202
-0.00028
0.03956
0.08986
0.10145
0.07864
0.07447
0.09082
0.09348
0.07943
0.06136
0.04171
-0.01085
-0.01576
-0.00048
0.00375
0.03107
0.01865
0.02936
0.06585
0.07944
0.10333
0.13544
0.09993
0.06883
0.0944
0.12452
0.15807
0.16843
0.18732
0.18488
0.16545
0.18521
0.20326
0.22887
0.22454
0.21805
0.19791
0.18466
0.18003
0.1958
0.16145
0.13825
0.12516
0.08539
0.0819
0.09377
0.08182
0.08397
0.05563
0.02793
0.00212
-0.02277
-0.03958
-0.05572
-0.07005
-0.06463
-0.07298
-0.12431
-0.14368
-0.14031
-0.11542
-0.08286
-0.08286
-0.05228
-0.0557
-0.03231
0.00609
-0.00426
-0.02536
-0.06309
-0.0913
-0.08294
-0.06356
-0.04841
-0.04112
-0.0578
-0.03641
-0.01453
-0.04007
-0.05283
-0.07292
-0.10094
-0.07477
-0.07068
-0.05425
-0.05229
-0.09543
-0.07711
-0.06771
-0.06859
-0.09108
-0.10114
-0.10632
-0.12884
-0.10186
-0.08545
-0.06703
-0.07537
-0.08864
-0.0805
-0.08073
-0.0963
-0.09987
-0.11537
-0.11826
-0.11071
-0.06437
0.01985
0.05465
0.03811
0.04881
0.04044
0.04109
0.01741
0.00841
-0.01799
-0.04742
-0.05242
-0.05821
-0.12334
-0.14952
-0.17609
-0.16891
-0.16388
-0.13228
-0.10185
-0.10198
-0.08257
-0.08515
-0.07173
-0.05583
-0.02434
-0.01109
0.03174
0.05225
0.04442
0.05433
0.02112
0.00835
-0.00122
0.02156
0.02308
0.00851
-0.0361
-0.02441
0.01445
0.04616
0.12081
0.14565
0.14606
0.13906
0.14716
0.16654
0.16916
0.17798
0.16961
0.17676
0.19321
0.2091
0.22617
0.21402
0.20617
0.20152
0.21697
0.21692
0.20902
0.20598
0.20167
0.17466
0.1907
0.20508
0.1951
0.19298
0.18765
0.16592
0.14753
0.10914
0.05147
0.00355
-0.04678
-0.07297
-0.10339
-0.12954
-0.15394
-0.15918
-0.17512
-0.22235
-0.2417
-0.23124
-0.26404
-0.26511
-0.28071
-0.28764
-0.28772
-0.26567
-0.24804
-0.25019
-0.26789
-0.29349
-0.25553
-0.28265
-0.3344
-0.35317
-0.36272
-0.3285
-0.29791
-0.26136
-0.25223
-0.24485
-0.25764
-0.24427
-0.21151
-0.20548
-0.22911
-0.21176
-0.19645
-0.19917
-0.18403
-0.15855
-0.13308
-0.11343
-0.10032
-0.08718
-0.06685
-0.0899
-0.08589
-0.03654
-0.04695
-0.0132
0.01476
-0.01004
-0.01787
-0.02849
-0.03972
-0.05914
-0.07569
-0.09594
-0.13636
-0.09881
-0.05083
-0.04463
-0.04926
-0.05599
-0.05613
-0.07006
-0.07484
-0.07308
-0.0828
-0.09076
-0.08717
-0.09121
-0.11026
-0.10038
-0.0848
-0.06243
-0.03488
-0.05076
-0.05733
-0.06406
-0.07447
-0.04784
-0.01861
-0.01119
-0.04302
-0.06981
-0.07213
-0.06446
-0.05724
-0.0066
0.00876
0.01725
0.03903
0.02839
0.00199
-0.01357
-0.01774
-0.05636
-0.06665
-0.06069
-0.04838
-0.05342
-0.06377
-0.11291
-0.12978
-0.10289
-0.09747
-0.13231
-0.12665
-0.12915
-0.11648
-0.08614
-0.09713
-0.0847
-0.10218
-0.11272
-0.13123
-0.1347
-0.12969
-0.12609
-0.14111
-0.13468
-0.16397
-0.15586
-0.13689
-0.12529
-0.11476
-0.08344
-0.07892
-0.07605
-0.05594
-0.08346
-0.06974
-0.06367
-0.04844
-0.07703
-0.09722
-0.11115
-0.13696
-0.13111
-0.08133
-0.05915
-0.08338
-0.08447
-0.05965
-0.05076
-0.07495
-0.06905
-0.12591
-0.16293
-0.16921
-0.11575
-0.09022
-0.10028
-0.09527
-0.11959
-0.12647
-0.13848
-0.13743
-0.08999
-0.05492
-0.04
-0.01636
-0.0132
-0.01334
-0.00345
0.02345
-0.01434
-0.05385
-0.10104
-0.09958
-0.1061
-0.10013
-0.07276
-0.07527
-0.05464
-0.00888
0.01152
0.00454
0.03559
0.06312
0.08467
0.14399
0.14916
0.15257
0.13736
0.15972
0.2011
0.21911
0.19867
0.2002
0.21301
0.26518
0.30902
0.32269
0.30881
0.26469
0.20698
0.18726
0.18007
0.19449
0.22584
0.24472
0.27272
0.27822
0.25666
0.28253
0.27538
0.25732
0.26521
0.25368
0.23996
0.21107
0.17076
0.14013
0.09988
0.07374
0.01185
-0.02417
-0.04235
-0.07144
-0.0761
-0.08446
-0.10585
-0.13739
-0.14731
-0.16603
-0.15423
-0.12674
-0.10973
-0.09833
-0.08176
-0.02331
0.01728
0.06696
0.12473
0.10226
0.08391
0.09997
0.07916
0.06406
0.08351
0.07537
0.05967
0.0577
0.03211
0.00609
0.00502
-0.01774
-0.03136
-0.03268
0.005
0.08004
0.10843
0.12101
0.09241
0.06583
0.07006
0.0876
0.10612
0.10944
0.07899
0.05642
0.05761
0.01493
-0.02325
-0.07071
-0.08115
-0.09486
-0.09918
-0.09159
-0.08681
-0.07854
-0.08984
-0.09724
-0.15301
-0.18865
-0.2001
-0.19168
-0.16275
-0.14774
-0.15176
-0.1906
-0.19038
-0.2399
-0.25931
-0.22232
-0.23406
-0.18429
-0.15416
-0.15354
-0.13861
-0.11971
-0.11698
-0.15765
-0.20227
-0.21006
-0.19783
-0.17408
-0.1478
-0.1476
-0.1527
-0.14642
-0.14111
-0.14822
-0.16019
-0.15837
-0.16384
-0.17784
-0.15894
-0.13249
-0.10465
-0.06218
-0.04432
-0.08597
-0.09927
-0.10945
-0.10854
-0.07851
-0.05544
-0.06166
-0.04895
-0.06036
-0.06989
-0.05857
-0.01895
-0.00276
-0.00596
-0.00903
-0.02422
-0.03005
0.00345
0.0267
0.02518
-0.01985
-0.02862
-0.02458
-0.01636
0.0016
0.04323
0.05975
0.03444
0.04797
0.02445
0.0253
0.02766
0.04382
0.0364
0.00509
-0.01701
-0.00283
-0.02501
-0.03376
-0.00681
0.00838
0.00917
0.05434
0.08727
0.09313
0.08968
0.09526
0.11255
0.17099
0.17242
0.1643
0.13161
0.10175
0.05998
0.01903
-0.03146
-0.08844
-0.0875
-0.09064
-0.08387
-0.06296
-0.05339
-0.05804
-0.03044
-0.01562
0.00718
0.01488
0.02572
-0.01176
-0.01974
-0.05195
-0.104
-0.14948
-0.19667
-0.21459
-0.23881
-0.23837
-0.22862
-0.2184
-0.21608
-0.19021
-0.17483
-0.20955
-0.22438
-0.21196
-0.20444
-0.17377
-0.14598
-0.15083
-0.17157
-0.14921
-0.14524
-0.13412
-0.13261
-0.12477
-0.16101
-0.16638
-0.12329
-0.10712
-0.11498
-0.12134
-0.12189
-0.1056
-0.10443
-0.12856
-0.14302
-0.18939
-0.19536
-0.20846
-0.23267
-0.26365
-0.28558
-0.28371
-0.26184
-0.24277
-0.26138
-0.22844
-0.23546
-0.20591
-0.16106
-0.11826
-0.10578
-0.10987
-0.12472
-0.11589
-0.09194
-0.05229
-0.04634
-0.04903
-0.08102
-0.08612
-0.05544
-0.03133
0.00018
0.0425
0.05194
0.0581
0.06187
0.04205
0.01215
-0.03526
-0.05715
-0.05888
-0.05245
-0.05461
-0.04048
-0.00997
-0.00563
0.02093
0.0492
0.02045
0.03365
0.03081
0.05117
0.03236
-0.00605
-0.03071
-0.06026
-0.03733
-0.0485
-0.0427
-0.04765
-0.08405
-0.0684
-0.04997
-0.04801
-0.03184
-0.04797
-0.09234
-0.1189
-0.1383
-0.12165
-0.15647
-0.18655
-0.20599
-0.208
-0.18532
-0.14573
-0.12582
-0.11555
-0.10372
-0.09916
-0.09216
-0.0711
-0.04392
-0.00403
-0.01505
-0.00729
0.02307
0.04068
0.09451
0.12455
0.12287
0.13789
0.1393
0.13316
0.11713
0.10849
0.10923
0.12458
0.16227
0.17825
0.12936
0.11711
0.12432
0.07282
0.0792
0.1112
0.08549
0.07635
0.05364
0.0277
0.01411
-0.01652
-0.02704
-0.0596
-0.07494
-0.05941
-0.03432
0.00098
0.00133
0.00937
0.02205
0.02659
0.06572
0.07433
0.05238
0.04932
0.06829
0.10353
0.12214
0.10823
0.11733
0.08706
0.09061
0.11344
0.11829
0.11591
0.10806
0.09655
0.0611
0.02997
0.02343
0.07128
0.09204
0.05829
0.05925
0.05535
0.05415
0.08879
0.06689
0.06942
0.01543
-0.04271
-0.06137
-0.07453
-0.06821
-0.06208
-0.08296
-0.11425
-0.12203
-0.10972
-0.09414
-0.0709
-0.05358
-0.01689
0.00449
0.03733
0.04975
0.04201
0.04116
0.05689
0.03947
0.02074
0.02366
0.02943
0.05599
0.05976
0.05182
0.06413
0.04327
0.04175
0.03909
0.05926
0.07085
0.11114
0.13188
0.12362
0.11267
0.11271
0.11983
0.12197
0.13656
0.10284
0.11409
0.12231
0.14545
0.13496
0.1105
0.0738
0.05012
0.05468
0.0263
-0.00457
-0.01255
-0.01515
0.00269
0.03367
0.06328
0.08227
0.08111
0.08281
0.11748
0.13737
0.13886
0.16181
0.15062
0.13585
0.09883
0.07932
0.09318
0.09191
0.09854
0.10619
0.11217
0.07643
0.03977
0.03618
0.02132
0.01346
0.04545
0.08154
0.12422
0.11662
0.07003
0.05747
0.01282
0.01545
0.0439
0.03256
0.04523
0.06067
0.04611
0.05332
0.02388
-0.00836
-0.03685
-0.03373
-0.02461
0.00141
0.02664
0.03721
0.07146
0.07525
0.07718
0.12126
0.16483
0.20036
0.21945
0.21242
0.18412
0.18087
0.18333
0.18102
0.15596
0.13967
0.13491
0.15309
0.16969
0.21934
0.19172
0.15026
0.14082
0.10856
0.10818
0.11424
0.11398
0.09376
0.08092
0.08051
0.06427
0.04448
0.03583
0.03525
0.0727
0.13624
0.17105
0.20705
0.19231
0.21322
0.26449
0.27863
0.30034
0.3244
0.30855
0.32127
0.35279
0.35799
0.35901
0.38179
0.36474
0.36439
0.33571
0.32641
0.35045
0.39587
0.40783
0.3988
0.37288
0.31419
0.27311
0.26375
0.25592
0.21387
0.21105
0.22738
0.21311
0.21899
0.21213
0.17534
0.14397
0.13462
0.12865
0.14651
0.15529
0.13385
0.09248
0.07628
0.08665
0.09019
0.08684
0.05531
0.01893
-0.03685
-0.01007
0.03919
0.03442
0.05367
0.08478
0.08632
0.09215
0.09297
0.07225
0.07247
0.08234
0.04775
0.04902
0.03422
0.0337
0.01721
-0.0243
-0.04026
-0.04829
-0.07627
-0.05268
-0.0228
0.00018
0.0087
0.01185
-0.0216
-0.04291
-0.05611
-0.06262
-0.07066
-0.06969
-0.05786
-0.05549
-0.07121
-0.11544
-0.11291
-0.11602
-0.10248
-0.11807
-0.11484
-0.1088
-0.11857
-0.12006
-0.13844
-0.15347
-0.14891
-0.13632
-0.14217
-0.18291
-0.16137
-0.11562
-0.06527
-0.01676
-0.00665
-0.04207
-0.04677
-0.06456
-0.08573
-0.06903
-0.06285
-0.07406
-0.0514
-0.01713
0.04811
0.12248
0.15197
0.17627
0.19454
0.20641
0.21035
0.25026
0.26566
0.29901
0.33553
0.34592
0.3666
0.40518
0.39928
0.3894
0.35307
0.32268
0.31233
0.32356
0.28404
0.27736
0.23112
0.21307
0.19744
0.13476
0.1322
0.15154
0.16659
0.18956
0.20175
0.18454
0.20086
0.18043
0.15656
0.18104
0.21113
0.22736
0.2414
0.22789
0.16721
0.15823
0.14059
0.09002
0.05513
0.03536
0.01819
-0.00756
-0.01808
-0.00232
-0.02899
-0.01945
0.01754
0.03553
0.10083
0.14756
0.13904
0.12555
0.13397
0.11113
0.09085
0.05988
0.03508
0.01164
0.03797
0.02181
0.00724
0.01076
-0.01229
-0.00837
-0.0344
-0.06724
-0.07571
-0.07769
-0.02998
-0.00653
0.01868
0.05364
0.04894
0.04152
0.06544
0.07437
0.05422
0.06003
0.06947
0.06808
0.10628
0.12203
0.12673
0.14836
0.15778
0.18551
0.20048
0.23255
0.27075
0.28064
0.28583
0.28419
0.23968
0.22297
0.19464
0.18948
0.16966
0.11672
0.0701
0.06251
0.04842
0.01704
-0.00685
-0.03272
-0.06016
-0.06551
-0.04261
-0.03172
-0.02708
-0.01086
0.00416
-0.00957
-0.03647
-0.02793
-0.06645
-0.0657
-0.03803
-0.09169
-0.11423
-0.11435
-0.14268
-0.14347
-0.11001
-0.10707
-0.124
-0.10687
-0.10443
-0.06868
-0.00775
0.00136
-0.00246
-0.01656
-0.02462
-0.0504
-0.04008
-0.03091
-0.04246
-0.065
-0.05553
-0.003
0.01227
0.0354
0.09138
0.10336
0.12328
0.1268
0.11378
0.09064
0.08952
0.12663
0.13113
0.08911
0.07073
0.00635
-0.02268
-0.06858
-0.11633
-0.16259
-0.2066
-0.22515
-0.23363
-0.26243
-0.2738
-0.25081
-0.26311
-0.28854
-0.29607
-0.33413
-0.35921
-0.35184
-0.36396
-0.39682
-0.39274
-0.37171
-0.35702
-0.35226
-0.34273
-0.35439
-0.35679
-0.35499
-0.32639
-0.27696
-0.2409
-0.20846
-0.18693
-0.17635
-0.1764
-0.19454
-0.17227
-0.19243
-0.20943
-0.20306
-0.20269
-0.20352
-0.20878
-0.1946
-0.17968
-0.17113
-0.15297
-0.13062
-0.11897
-0.11355
-0.13083
-0.12565
-0.10523
-0.13322
-0.12157
-0.12894
-0.14904
-0.19007
-0.18187
-0.19892
-0.20855
-0.18228
-0.16527
-0.14618
-0.15648
-0.16269
-0.1781
-0.16621
-0.13896
-0.09732
-0.07374
-0.08053
-0.09701
-0.09976
-0.1019
-0.09595
-0.07954
-0.07561
-0.06997
-0.04832
-0.03789
0.00037
-0.01213
-0.04902
-0.0986
-0.09209
-0.07677
-0.0676
-0.03661
-0.04474
-0.06115
-0.07326
-0.09576
-0.14445
-0.17843
-0.19282
-0.21485
-0.17632
-0.12636
-0.10723
-0.09669
-0.07109
-0.08376
-0.08518
-0.0654
-0.07514
-0.10674
-0.1198
-0.12551
-0.10713
-0.12876
-0.13484
-0.12939
-0.12402
-0.13306
-0.13953
-0.11245
-0.11154
-0.10713
-0.11765
-0.10652
-0.09923
-0.06641
-0.02856
-0.05212
-0.07564
-0.09732
-0.08214
-0.07136
-0.03173
-0.02822
-0.0553
-0.0689
-0.04986
-0.07519
-0.06862
-0.07716
-0.09398
-0.11702
-0.13103
-0.12198
-0.10266
-0.11073
-0.09579
-0.11039
-0.1201
-0.12852
-0.13746
-0.13291
-0.11233
-0.09716
-0.09504
-0.08529
-0.09098
-0.07259
-0.08761
-0.08918
-0.09206
-0.06028
-0.03407
-0.01292
-0.00671
-0.01242
-0.02058
-0.00152
0.03897
0.03419
0.04873
0.03306
0.0385
0.03797
0.04549
0.06699
0.05612
0.08789
0.07546
0.05961
0.0246
-0.00137
0.00363
0.02146
0.03631
0.07175
0.06063
0.0726
0.10363
0.12551
0.15715
0.16291
0.14902
0.18285
0.20157
0.21562
0.23755
0.23397
0.23919
0.25614
0.28959
0.29496
0.26399
0.23021
0.20195
0.19464
0.20751
0.19147
0.21715
0.23643
0.21564
0.22224
0.1986
0.1835
0.14549
0.11136
0.07826
0.02767
-0.01258
0.00387
-0.00082
-0.00913
-0.00534
-0.02586
-0.04332
-0.07814
-0.10825
-0.11226
-0.07453
-0.04356
-0.0513
-0.10746
-0.15072
-0.19335
-0.24071
-0.24816
-0.23687
-0.24959
-0.26583
-0.23766
-0.22115
-0.19643
-0.14126
-0.1344
-0.16425
-0.18971
-0.19351
-0.15964
-0.13602
-0.10071
-0.09507
-0.11098
-0.08077
-0.0582
-0.08385
-0.08038
-0.08841
-0.07076
-0.023
0.04167
0.08879
0.12446
0.15818
0.14723
0.1443
0.15677
0.13501
0.15771
0.15882
0.15291
0.15761
0.13334
0.11439
0.08057
0.07691
0.075
0.08709
0.11496
0.08583
0.08232
0.04849
0.04813
0.06978
0.08846
0.11478
0.13828
0.12699
0.13184
0.11649
0.11361
0.08768
0.08427
0.10199
0.15465
0.20142
0.21144
0.21582
0.20364
0.22623
0.24634
0.26253
0.27377
0.27088
0.2656
0.27518
0.26407
0.23693
0.21665
0.16776
0.12525
0.08696
0.04914
0.02994
0.04307
0.05199
0.07972
0.09069
0.09108
0.07903
0.07483
0.06751
0.09347
0.09483
0.09571
0.11803
0.1184
0.10592
0.0863
0.06846
0.0872
0.1042
0.09825
0.06964
0.02002
-0.00795
-0.043
-0.05203
-0.06632
-0.07841
-0.09299
-0.07842
-0.10856
-0.12488
-0.13716
-0.15395
-0.17078
-0.15447
-0.15498
-0.10741
-0.08381
-0.07084
-0.04145
0.00703
0.0465
0.09081
0.12813
0.1828
0.22738
0.25411
0.26887
0.23551
0.22162
0.20778
0.20083
0.20124
0.20468
0.16111
0.15044
0.12565
0.07901
0.05038
